1
50
1
50

25
826 953 853 512 620 769 722 833 719 754 730 521 908 622 877 737 534 882 560 812 684 787 984 983 783
15
167 78 129 9 41 56 71 132 29 45 61 152 13 76 172 152 27 21 0 38 24 93 25 155 18
84 69 79 59 179 166 107 28 79 63 11 101 95 73 172 70 141 97 72 170 74 132 48 195 136
88 97 174 121 28 28 157 29 56 148 1 46 160 188 114 179 49 55 22 20 79 98 144 153 100
98 23 58 152 58 197 72 199 1 171 18 57 61 64 78 100 61 192 135 92 80 168 129 144 192
178 80 119 78 95 14 15 102 26 135 127 145 130 95 117 193 95 98 19 163 135 81 74 182 85
121 35 187 43 113 58 56 152 56 183 162 76 90 43 138 38 142 107 156 197 105 81 95 29 9
182 124 77 118 106 55 143 6 18 194 92 145 159 61 132 59 12 80 144 179 39 42 122 51 102
14 107 32 188 114 67 127 165 15 100 102 183 5 34 125 28 69 180 69 71 2 114 131 107 45
64 107 118 27 151 160 74 129 77 35 188 35 105 160 148 189 122 177 144 139 33 145 5 59 74
162 74 58 98 48 123 149 6 35 148 93 2 103 144 189 28 108 91 26 49 150 64 81 166 119
87 144 20 64 49 93 51 132 105 185 91 115 74 169 46 154 55 17 159 42 188 163 189 73 161
36 7 65 4 4 162 132 166 89 82 10 13 182 92 118 157 123 106 168 127 158 169 84 21 159
112 73 38 102 93 185 119 195 97 10 14 156 146 54 190 26 111 44 109 18 83 91 78 193 164
175 7 54 63 78 84 60 156 20 84 140 183 130 142 14 41 17 97 14 60 155 27 184 9 156
103 173 20 51 174 96 90 35 196 77 122 23 137 43 195 41 70 89 4 26 64 186 170 51 13

25
325 197 200 241 175 134 182 166 146 96 51 178 71 191 37 2 196 76 160 134 383 203 120 447 143
15
119 150 191 103 8 185 79 85 16 87 2 107 50 163 179 88 14 132 65 156 138 171 28 249 290
1 129 116 25 38 12 182 43 165 120 12 24 165 171 128 117 162 93 101 36 104 157 95 49 45
108 167 12 61 28 15 36 146 136 152 33 130 60 36 133 170 182 101 22 46 289 31 177 16 40
35 76 67 75 35 128 115 73 155 24 179 193 6 43 101 7 162 13 25 144 114 73 5 167 108
115 164 0 148 79 169 125 169 158 47 66 61 87 94 179 148 190 126 69 21 250 4 53 94 160
84 176 8 48 139 26 53 23 187 30 118 13 176 86 145 80 170 19 4 66 171 104 159 134 37
161 37 196 23 39 81 71 197 23 191 154 74 163 139 72 114 60 57 73 21 117 184 45 92 178
178 112 160 182 179 84 176 126 112 132 159 189 35 153 187 108 18 191 143 41 150 194 76 27 166
61 118 68 89 60 1 146 178 178 112 1 183 75 139 180 187 12 42 181 50 17 9 11 123 64
110 177 48 127 134 24 125 85 116 46 46 141 18 79 81 124 105 9 125 149 53 95 84 197 136
149 3 83 146 66 24 187 170 144 180 17 81 102 98 160 91 15 20 109 193 92 43 116 51 106
142 155 177 199 105 155 133 85 148 173 16 166 119 78 149 173 74 14 42 65 125 6 154 193 159
191 108 55 103 25 91 52 151 145 100 175 34 58 159 37 125 119 166 160 87 163 106 151 36 75
71 77 134 49 45 57 191 22 76 193 181 30 199 60 51 180 144 65 136 187 170 108 152 157 76
51 88 172 129 20 157 163 156 56 128 24 135 137 26 41 141 90 79 16 180 2 123 127 162 64

4
1 1 1 1
4
1 1 0 0
1 0 1 0
0 1 0 1
0 0 0 1

4
100 200 300 400
3
50   50  50  50
200 300 200 300
900 150 389 399
