6
879221060 76350727
161945371 76350727
380619073 76350727
896289713 76350727
852891025 852349940
519959866 76350727

6
5 3
1 3
2 3
6 3
4 6
3 3

6
0 0
1 0
1 1
0 1
2 1
2 0

6
879221060 76350727
161945371 76350727
380619073 76350727
896289713 76350727
852891025 852349940
519959866 76350727

4
0 0
1 0
1 1
0 1


10
7 7
4 7
5 6
1 4
5 8
2 2
3 5
3 7
2 3
6 9


10
987878530 332490544
545074228 332490544
571194544 278963943
32922985 229703843
571194544 851333603
90862786 28227282
219975775 267376202
219975775 332490544
90862786 62367085
872930617 951881113


6
1 15
20 15
17 11
22 21
25 11
20 17


4
0 0
1 0
1 1
0 1


10
987878530 332490544
545074228 332490544
571194544 278963943
32922985 229703843
571194544 851333603
90862786 28227282
219975775 267376202
219975775 332490544
90862786 62367085
872930617 951881113

6
1 15
20 15
17 11
22 21
25 11
20 17

10
7 7
4 7
5 6
1 4
5 8
2 2
3 5
3 7
2 3
6 9

10
987878530 332490544
545074228 332490544
571194544 278963943
32922985 229703843
571194544 851333603
90862786 28227282
219975775 267376202
219975775 332490544
90862786 62367085
872930617 951881113